1	0.999
1.025	0.998992
1.05	0.998984
1.075	0.998975
1.1	0.998967
1.125	0.998958
1.15	0.998949
1.175	0.99894
1.2	0.99893
1.225	0.998921
1.25	0.998911
1.275	0.998901
1.3	0.99889
1.325	0.99888
1.35	0.998869
1.375	0.998858
1.4	0.998847
1.425	0.998835
1.45	0.998824
1.475	0.998812
1.5	0.9988
1.525	0.998787
1.55	0.998774
1.575	0.998761
1.6	0.998748
1.625	0.998735
1.65	0.998721
1.675	0.998707
1.7	0.998692
1.725	0.998678
1.75	0.998663
1.775	0.998647
1.8	0.998632
1.825	0.998616
1.85	0.998599
1.875	0.998583
1.9	0.998566
1.925	0.998549
1.95	0.998531
1.975	0.998513
2	0.998495
2.025	0.998476
2.05	0.998457
2.075	0.998437
2.1	0.998417
2.125	0.998397
2.15	0.998376
2.175	0.998355
2.2	0.998333
2.225	0.998311
2.25	0.998289
2.275	0.998266
2.3	0.998242
2.325	0.998218
2.35	0.998194
2.375	0.998168
2.4	0.998143
2.425	0.998117
2.45	0.99809
2.475	0.998063
2.5	0.998035
2.525	0.998006
2.55	0.997977
2.575	0.997947
2.6	0.997916
2.625	0.997885
2.65	0.997853
2.675	0.997821
2.7	0.997787
2.725	0.997753
2.75	0.997718
2.775	0.997682
2.8	0.997646
2.825	0.997608
2.85	0.99757
2.875	0.997531
2.9	0.99749
2.925	0.997449
2.95	0.997407
2.975	0.997364
3	0.99732
3.025	0.997274
3.05	0.997228
3.075	0.997181
3.1	0.997132
3.125	0.997082
3.15	0.997031
3.175	0.996978
3.2	0.996924
3.225	0.996869
3.25	0.996812
3.275	0.996754
3.3	0.996695
3.325	0.996634
3.35	0.996571
3.375	0.996507
3.4	0.99644
3.425	0.996373
3.45	0.996303
3.475	0.996231
3.5	0.996158
3.525	0.996082
3.55	0.996005
3.575	0.995925
3.6	0.995843
3.625	0.995759
3.65	0.995672
3.675	0.995583
3.7	0.995492
3.725	0.995398
3.75	0.995301
3.775	0.995201
3.8	0.995099
3.825	0.994993
3.85	0.994885
3.875	0.994773
3.9	0.994658
3.925	0.994539
3.95	0.994417
3.975	0.994292
4	0.994162
4.025	0.994029
4.05	0.993892
4.075	0.99375
4.1	0.993604
4.125	0.993453
4.15	0.993298
4.175	0.993138
4.2	0.992973
4.225	0.992803
4.25	0.992627
4.275	0.992446
4.3	0.992259
4.325	0.992066
4.35	0.991867
4.375	0.991661
4.4	0.991448
4.425	0.991229
4.45	0.991002
4.475	0.990768
4.5	0.990526
4.525	0.990276
4.55	0.990017
4.575	0.98975
4.6	0.989474
4.625	0.989188
4.65	0.988893
4.675	0.988587
4.7	0.988271
4.725	0.987944
4.75	0.987605
4.775	0.987255
4.8	0.986892
4.825	0.986517
4.85	0.986128
4.875	0.985726
4.9	0.985309
4.925	0.984877
4.95	0.984429
4.975	0.983966
5	0.983486
5.025	0.982988
5.05	0.982472
5.075	0.981937
5.1	0.981382
5.125	0.980807
5.15	0.98021
5.175	0.979592
5.2	0.97895
5.225	0.978284
5.25	0.977593
5.275	0.976877
5.3	0.976133
5.325	0.97536
5.35	0.974559
5.375	0.973727
5.4	0.972863
5.425	0.971965
5.45	0.971034
5.475	0.970066
5.5	0.969061
5.525	0.968017
5.55	0.966932
5.575	0.965805
5.6	0.964634
5.625	0.963417
5.65	0.962153
5.675	0.960839
5.7	0.959473
5.725	0.958054
5.75	0.956579
5.775	0.955045
5.8	0.953451
5.825	0.951794
5.85	0.950072
5.875	0.948281
5.9	0.946419
5.925	0.944484
5.95	0.942472
5.975	0.940381
6	0.938207
6.025	0.935947
6.05	0.933597
6.075	0.931156
6.1	0.928618
6.125	0.92598
6.15	0.923239
6.175	0.92039
6.2	0.917431
6.225	0.914356
6.25	0.911162
6.275	0.907845
6.3	0.9044
6.325	0.900823
6.35	0.89711
6.375	0.893256
6.4	0.889257
6.425	0.885108
6.45	0.880804
6.475	0.876342
6.5	0.871716
6.525	0.866922
6.55	0.861956
6.575	0.856812
6.6	0.851487
6.625	0.845976
6.65	0.840275
6.675	0.83438
6.7	0.828287
6.725	0.821992
6.75	0.815492
6.775	0.808784
6.8	0.801864
6.825	0.79473
6.85	0.78738
6.875	0.779811
6.9	0.772023
6.925	0.764015
6.95	0.755785
6.975	0.747334
7	0.738663
7.025	0.729772
7.05	0.720664
7.075	0.711341
7.1	0.701806
7.125	0.692063
7.15	0.682117
7.175	0.671972
7.2	0.661636
7.225	0.651114
7.25	0.640415
7.275	0.629546
7.3	0.618518
7.325	0.607339
7.35	0.596021
7.375	0.584574
7.4	0.57301
7.425	0.561342
7.45	0.549583
7.475	0.537747
7.5	0.525846
7.525	0.513896
7.55	0.501911
7.575	0.489906
7.6	0.477895
7.625	0.465895
7.65	0.453919
7.675	0.441984
7.7	0.430103
7.725	0.418291
7.75	0.406563
7.775	0.394932
7.8	0.383412
7.825	0.372015
7.85	0.360755
7.875	0.349642
7.9	0.338688
7.925	0.327903
7.95	0.317296
7.975	0.306877
8	0.296654
8.025	0.286634
8.05	0.276822
8.075	0.267226
8.1	0.257849
8.125	0.248696
8.15	0.23977
8.175	0.231074
8.2	0.222609
8.225	0.214377
8.25	0.206378
8.275	0.198612
8.3	0.191078
8.325	0.183775
8.35	0.176701
8.375	0.169854
8.4	0.163232
8.425	0.15683
8.45	0.150646
8.475	0.144676
8.5	0.138916
8.525	0.133361
8.55	0.128007
8.575	0.12285
8.6	0.117885
8.625	0.113106
8.65	0.108508
8.675	0.104087
8.7	0.0998379
8.725	0.0957546
8.75	0.0918324
8.775	0.0880662
8.8	0.0844508
8.825	0.0809811
8.85	0.0776523
8.875	0.0744592
8.9	0.0713972
8.925	0.0684614
8.95	0.0656472
8.975	0.06295
9	0.0603653
9.025	0.057889
9.05	0.0555166
9.075	0.0532442
9.1	0.0510678
9.125	0.0489835
9.15	0.0469875
9.175	0.0450763
9.2	0.0432463
9.225	0.0414943
9.25	0.0398169
9.275	0.038211
9.3	0.0366736
9.325	0.0352018
9.35	0.0337927
9.375	0.0324438
9.4	0.0311524
9.425	0.0299161
9.45	0.0287323
9.475	0.027599
9.5	0.0265139
9.525	0.0254748
9.55	0.0244798
9.575	0.023527
9.6	0.0226145
9.625	0.0217404
9.65	0.0209033
9.675	0.0201014
9.7	0.0193331
9.725	0.018597
9.75	0.0178918
9.775	0.0172159
9.8	0.0165682
9.825	0.0159474
9.85	0.0153523
9.875	0.0147818
9.9	0.0142348
9.925	0.0137103
9.95	0.0132073
9.975	0.0127248
10	0.0122621
10.025	0.0118181
10.05	0.0113921
10.075	0.0109833
10.1	0.0105909
10.125	0.0102143
10.15	0.00985282
10.175	0.0095057
10.2	0.00917238
10.225	0.00885226
10.25	0.00854478
10.275	0.00824938
10.3	0.00796557
10.325	0.00769284
10.35	0.00743072
10.375	0.00717877
10.4	0.00693655
10.425	0.00670366
10.45	0.00647969
10.475	0.00626429
10.5	0.00605708
10.525	0.00585773
10.55	0.00566592
10.575	0.00548132
10.6	0.00530364
10.625	0.0051326
10.65	0.00496792
10.675	0.00480934
10.7	0.00465661
10.725	0.00450949
10.75	0.00436777
10.775	0.00423121
10.8	0.00409961
10.825	0.00397277
10.85	0.0038505
10.875	0.00373261
10.9	0.00361894
10.925	0.00350931
10.95	0.00340357
10.975	0.00330156
11	0.00320314
11.025	0.00310815
11.05	0.00301649
11.075	0.002928
11.1	0.00284257
11.125	0.00276008
11.15	0.00268041
11.175	0.00260347
11.2	0.00252914
11.225	0.00245733
11.25	0.00238793
11.275	0.00232087
11.3	0.00225604
11.325	0.00219337
11.35	0.00213278
11.375	0.00207419
11.4	0.00201752
11.425	0.0019627
11.45	0.00190967
11.475	0.00185835
11.5	0.0018087
11.525	0.00176064
11.55	0.00171411
11.575	0.00166907
11.6	0.00162546
11.625	0.00158323
11.65	0.00154232
11.675	0.00150269
11.7	0.0014643
11.725	0.0014271
11.75	0.00139106
11.775	0.00135612
11.8	0.00132225
11.825	0.00128941
11.85	0.00125757
11.875	0.00122669
11.9	0.00119674
11.925	0.00116769
11.95	0.00113951
11.975	0.00111217
12	0.00108563
12.025	0.00105987
12.05	0.00103487
12.075	0.0010106
12.1	0.000987037
12.125	0.000964153
12.15	0.000941929
12.175	0.000920342
12.2	0.000899372
12.225	0.000878998
12.25	0.000859201
12.275	0.000839961
12.3	0.000821262
12.325	0.000803084
12.35	0.000785413
12.375	0.00076823
12.4	0.000751522
12.425	0.000735272
12.45	0.000719466
12.475	0.00070409
12.5	0.00068913
12.525	0.000674575
12.55	0.00066041
12.575	0.000646623
12.6	0.000633204
12.625	0.00062014
12.65	0.000607421
12.675	0.000595036
12.7	0.000582975
12.725	0.000571229
12.75	0.000559786
12.775	0.00054864
12.8	0.000537779
12.825	0.000527197
12.85	0.000516884
12.875	0.000506833
12.9	0.000497035
12.925	0.000487485
12.95	0.000478173
12.975	0.000469093
13	0.000460239
13.025	0.000451604
13.05	0.000443181
13.075	0.000434964
13.1	0.000426948
13.125	0.000419127
13.15	0.000411495
13.175	0.000404046
13.2	0.000396776
13.225	0.00038968
13.25	0.000382753
13.275	0.000375989
13.3	0.000369385
13.325	0.000362936
13.35	0.000356637
13.375	0.000350485
13.4	0.000344476
13.425	0.000338605
13.45	0.000332869
13.475	0.000327264
13.5	0.000321787
13.525	0.000316434
13.55	0.000311202
13.575	0.000306088
13.6	0.000301088
13.625	0.000296199
13.65	0.000291419
13.675	0.000286745
13.7	0.000282174
13.725	0.000277703
13.75	0.000273329
13.775	0.000269051
13.8	0.000264865
13.825	0.000260769
13.85	0.000256761
13.875	0.000252839
13.9	0.000249001
13.925	0.000245244
13.95	0.000241566
13.975	0.000237965
14	0.00023444
14.025	0.000230988
14.05	0.000227608
14.075	0.000224298
14.1	0.000221055
14.125	0.00021788
14.15	0.000214769
14.175	0.000211722
14.2	0.000208736
14.225	0.00020581
14.25	0.000202943
14.275	0.000200134
14.3	0.00019738
14.325	0.000194681
14.35	0.000192036
14.375	0.000189442
14.4	0.0001869
14.425	0.000184407
14.45	0.000181962
14.475	0.000179565
14.5	0.000177214
14.525	0.000174908
14.55	0.000172646
14.575	0.000170427
14.6	0.000168251
14.625	0.000166115
14.65	0.00016402
14.675	0.000161964
14.7	0.000159947
14.725	0.000157966
14.75	0.000156023
14.775	0.000154116
14.8	0.000152243
14.825	0.000150405
14.85	0.0001486
14.875	0.000146828
14.9	0.000145089
14.925	0.00014338
14.95	0.000141702
14.975	0.000140055
15	0.000138436
15.025	0.000136846
15.05	0.000135285
15.075	0.000133751
15.1	0.000132244
15.125	0.000130763
15.15	0.000129307
15.175	0.000127878
15.2	0.000126472
15.225	0.000125091
15.25	0.000123734
15.275	0.0001224
15.3	0.000121088
15.325	0.000119799
15.35	0.000118532
15.375	0.000117285
15.4	0.00011606
15.425	0.000114855
15.45	0.00011367
15.475	0.000112505
15.5	0.000111359
15.525	0.000110232
15.55	0.000109123
15.575	0.000108033
15.6	0.00010696
15.625	0.000105904
15.65	0.000104866
15.675	0.000103844
15.7	0.000102839
15.725	0.000101849
15.75	0.000100876
15.775	9.99177e-05
15.8	9.89747e-05
15.825	9.80465e-05
15.85	9.71328e-05
15.875	9.62335e-05
15.9	9.53481e-05
15.925	9.44764e-05
15.95	9.36182e-05
15.975	9.27733e-05
16	9.19413e-05
16.025	9.1122e-05
16.05	9.03151e-05
16.075	8.95206e-05
16.1	8.8738e-05
16.125	8.79673e-05
16.15	8.72081e-05
16.175	8.64603e-05
16.2	8.57236e-05
16.225	8.49979e-05
16.25	8.42829e-05
16.275	8.35785e-05
16.3	8.28845e-05
16.325	8.22006e-05
16.35	8.15267e-05
16.375	8.08626e-05
16.4	8.02082e-05
16.425	7.95632e-05
16.45	7.89275e-05
16.475	7.83009e-05
16.5	7.76833e-05
16.525	7.70745e-05
16.55	7.64744e-05
16.575	7.58828e-05
16.6	7.52995e-05
16.625	7.47244e-05
16.65	7.41574e-05
16.675	7.35984e-05
16.7	7.30471e-05
16.725	7.25035e-05
16.75	7.19674e-05
16.775	7.14387e-05
16.8	7.09172e-05
16.825	7.0403e-05
16.85	6.98957e-05
16.875	6.93954e-05
16.9	6.89018e-05
16.925	6.84149e-05
16.95	6.79346e-05
16.975	6.74608e-05
17	6.69933e-05
17.025	6.6532e-05
17.05	6.60769e-05
17.075	6.56279e-05
17.1	6.51847e-05
17.125	6.47475e-05
17.15	6.43159e-05
17.175	6.38901e-05
17.2	6.34698e-05
17.225	6.3055e-05
17.25	6.26455e-05
17.275	6.22414e-05
17.3	6.18425e-05
17.325	6.14487e-05
17.35	6.106e-05
17.375	6.06762e-05
17.4	6.02973e-05
17.425	5.99233e-05
17.45	5.9554e-05
17.475	5.91894e-05
17.5	5.88293e-05
17.525	5.84738e-05
17.55	5.81227e-05
17.575	5.77761e-05
17.6	5.74337e-05
17.625	5.70956e-05
17.65	5.67617e-05
17.675	5.64319e-05
17.7	5.61061e-05
17.725	5.57844e-05
17.75	5.54666e-05
17.775	5.51526e-05
17.8	5.48425e-05
17.825	5.45362e-05
17.85	5.42335e-05
17.875	5.39345e-05
17.9	5.36391e-05
17.925	5.33473e-05
17.95	5.30589e-05
17.975	5.2774e-05
18	5.24925e-05
18.025	5.22143e-05
18.05	5.19394e-05
18.075	5.16677e-05
18.1	5.13993e-05
18.125	5.1134e-05
18.15	5.08718e-05
18.175	5.06126e-05
18.2	5.03565e-05
18.225	5.01033e-05
18.25	4.98531e-05
18.275	4.96058e-05
18.3	4.93613e-05
18.325	4.91196e-05
18.35	4.88807e-05
18.375	4.86445e-05
18.4	4.8411e-05
18.425	4.81802e-05
18.45	4.7952e-05
18.475	4.77263e-05
18.5	4.75032e-05
18.525	4.72826e-05
18.55	4.70645e-05
18.575	4.68488e-05
18.6	4.66356e-05
18.625	4.64247e-05
18.65	4.62161e-05
18.675	4.60099e-05
18.7	4.58059e-05
18.725	4.56042e-05
18.75	4.54047e-05
18.775	4.52074e-05
18.8	4.50123e-05
18.825	4.48192e-05
18.85	4.46283e-05
18.875	4.44395e-05
18.9	4.42527e-05
18.925	4.40679e-05
18.95	4.38851e-05
18.975	4.37043e-05
19	4.35254e-05
19.025	4.33484e-05
19.05	4.31734e-05
19.075	4.30002e-05
19.1	4.28288e-05
19.125	4.26593e-05
19.15	4.24915e-05
19.175	4.23255e-05
19.2	4.21613e-05
19.225	4.19988e-05
19.25	4.1838e-05
19.275	4.16788e-05
19.3	4.15214e-05
19.325	4.13656e-05
19.35	4.12114e-05
19.375	4.10588e-05
19.4	4.09077e-05
19.425	4.07583e-05
19.45	4.06103e-05
19.475	4.04639e-05
19.5	4.0319e-05
19.525	4.01756e-05
19.55	4.00337e-05
19.575	3.98931e-05
19.6	3.97541e-05
19.625	3.96164e-05
19.65	3.94801e-05
19.675	3.93452e-05
19.7	3.92117e-05
19.725	3.90795e-05
19.75	3.89486e-05
19.775	3.88191e-05
19.8	3.86908e-05
19.825	3.85638e-05
19.85	3.84381e-05
19.875	3.83136e-05
19.9	3.81904e-05
19.925	3.80684e-05
19.95	3.79476e-05
19.975	3.7828e-05
20	3.77095e-05
20.025	3.75922e-05
20.05	3.74761e-05
20.075	3.73611e-05
20.1	3.72473e-05
20.125	3.71345e-05
20.15	3.70228e-05
20.175	3.69122e-05
20.2	3.68027e-05
20.225	3.66943e-05
20.25	3.65869e-05
20.275	3.64805e-05
20.3	3.63752e-05
20.325	3.62708e-05
20.35	3.61675e-05
20.375	3.60652e-05
20.4	3.59638e-05
20.425	3.58634e-05
20.45	3.57639e-05
20.475	3.56654e-05
20.5	3.55679e-05
20.525	3.54712e-05
20.55	3.53755e-05
20.575	3.52807e-05
20.6	3.51867e-05
20.625	3.50937e-05
20.65	3.50015e-05
20.675	3.49101e-05
20.7	3.48197e-05
20.725	3.473e-05
20.75	3.46413e-05
20.775	3.45533e-05
20.8	3.44661e-05
20.825	3.43798e-05
20.85	3.42943e-05
20.875	3.42095e-05
20.9	3.41255e-05
20.925	3.40423e-05
20.95	3.39599e-05
20.975	3.38782e-05
21	3.37973e-05
21.025	3.37171e-05
21.05	3.36376e-05
21.075	3.35589e-05
21.1	3.34809e-05
21.125	3.34036e-05
21.15	3.3327e-05
21.175	3.32511e-05
21.2	3.31758e-05
21.225	3.31013e-05
21.25	3.30274e-05
21.275	3.29542e-05
21.3	3.28817e-05
21.325	3.28098e-05
21.35	3.27385e-05
21.375	3.26679e-05
21.4	3.25979e-05
21.425	3.25285e-05
21.45	3.24598e-05
21.475	3.23917e-05
21.5	3.23241e-05
21.525	3.22572e-05
21.55	3.21909e-05
21.575	3.21251e-05
21.6	3.20599e-05
21.625	3.19954e-05
21.65	3.19313e-05
21.675	3.18679e-05
21.7	3.1805e-05
21.725	3.17426e-05
21.75	3.16808e-05
21.775	3.16195e-05
21.8	3.15588e-05
21.825	3.14986e-05
21.85	3.14389e-05
21.875	3.13798e-05
21.9	3.13211e-05
21.925	3.1263e-05
21.95	3.12054e-05
21.975	3.11482e-05
22	3.10916e-05
22.025	3.10355e-05
22.05	3.09798e-05
22.075	3.09246e-05
22.1	3.08699e-05
22.125	3.08157e-05
22.15	3.07619e-05
22.175	3.07086e-05
22.2	3.06557e-05
22.225	3.06033e-05
22.25	3.05514e-05
22.275	3.04998e-05
22.3	3.04488e-05
22.325	3.03981e-05
22.35	3.03479e-05
22.375	3.02981e-05
22.4	3.02488e-05
22.425	3.01998e-05
22.45	3.01513e-05
22.475	3.01032e-05
22.5	3.00555e-05
22.525	3.00081e-05
22.55	2.99612e-05
22.575	2.99147e-05
22.6	2.98686e-05
22.625	2.98228e-05
22.65	2.97775e-05
22.675	2.97325e-05
22.7	2.96879e-05
22.725	2.96437e-05
22.75	2.95998e-05
22.775	2.95563e-05
22.8	2.95132e-05
22.825	2.94704e-05
22.85	2.9428e-05
22.875	2.93859e-05
22.9	2.93442e-05
22.925	2.93028e-05
22.95	2.92618e-05
22.975	2.92211e-05
23	2.91807e-05
23.025	2.91407e-05
23.05	2.9101e-05
23.075	2.90617e-05
23.1	2.90226e-05
23.125	2.89839e-05
23.15	2.89455e-05
23.175	2.89074e-05
23.2	2.88696e-05
23.225	2.88322e-05
23.25	2.8795e-05
23.275	2.87581e-05
23.3	2.87216e-05
23.325	2.86853e-05
23.35	2.86494e-05
23.375	2.86137e-05
23.4	2.85783e-05
23.425	2.85432e-05
23.45	2.85084e-05
23.475	2.84739e-05
23.5	2.84396e-05
23.525	2.84057e-05
23.55	2.8372e-05
23.575	2.83386e-05
23.6	2.83054e-05
23.625	2.82725e-05
23.65	2.82399e-05
23.675	2.82076e-05
23.7	2.81755e-05
23.725	2.81436e-05
23.75	2.8112e-05
23.775	2.80807e-05
23.8	2.80496e-05
23.825	2.80188e-05
23.85	2.79882e-05
23.875	2.79579e-05
23.9	2.79278e-05
23.925	2.78979e-05
23.95	2.78683e-05
23.975	2.7839e-05
24	2.78098e-05
24.025	2.77809e-05
24.05	2.77522e-05
24.075	2.77238e-05
24.1	2.76955e-05
24.125	2.76675e-05
24.15	2.76398e-05
24.175	2.76122e-05
24.2	2.75848e-05
24.225	2.75577e-05
24.25	2.75308e-05
24.275	2.75041e-05
24.3	2.74776e-05
24.325	2.74513e-05
24.35	2.74253e-05
24.375	2.73994e-05
24.4	2.73737e-05
24.425	2.73483e-05
24.45	2.7323e-05
24.475	2.7298e-05
24.5	2.72731e-05
24.525	2.72484e-05
24.55	2.7224e-05
24.575	2.71997e-05
24.6	2.71756e-05
24.625	2.71517e-05
24.65	2.7128e-05
24.675	2.71044e-05
24.7	2.70811e-05
24.725	2.70579e-05
24.75	2.70349e-05
24.775	2.70121e-05
24.8	2.69895e-05
24.825	2.6967e-05
24.85	2.69448e-05
24.875	2.69227e-05
24.9	2.69007e-05
24.925	2.6879e-05
24.95	2.68574e-05
24.975	2.68359e-05
