0.01	1
0.02	1
0.03	0.999997
0.04	0.999988
0.05	0.999967
0.06	0.999929
0.07	0.999863
0.08	0.99976
0.09	0.999607
0.1	0.999393
0.11	0.999101
0.12	0.998716
0.13	0.998219
0.14	0.997591
0.15	0.996812
0.16	0.995859
0.17	0.994709
0.18	0.993335
0.19	0.991713
0.2	0.989814
0.21	0.987609
0.22	0.985067
0.23	0.982158
0.24	0.978848
0.25	0.975105
0.26	0.970892
0.27	0.966176
0.28	0.960919
0.29	0.955086
0.3	0.948637
0.31	0.941537
0.32	0.933747
0.33	0.925229
0.34	0.915945
0.35	0.905859
0.36	0.894932
0.37	0.883131
0.38	0.870419
0.39	0.856764
0.4	0.842133
0.41	0.826498
0.42	0.80983
0.43	0.792104
0.44	0.773299
0.45	0.753396
0.46	0.73238
0.47	0.710241
0.48	0.686972
0.49	0.662571
0.5	0.637043
0.51	0.610396
0.52	0.582647
0.53	0.553816
0.54	0.523933
0.55	0.493034
0.56	0.461161
0.57	0.428367
0.58	0.394708
0.59	0.360255
0.6	0.325081
0.61	0.289271
0.62	0.252919
0.63	0.216126
0.64	0.179004
0.65	0.141671
0.66	0.104254
0.67	0.0668894
0.68	0.0297203
0.69	-0.00710277
0.7	-0.0434228
0.71	-0.0790768
0.72	-0.113897
0.73	-0.14771
0.74	-0.180341
0.75	-0.211613
0.76	-0.241346
0.77	-0.269364
0.78	-0.295491
0.79	-0.319554
0.8	-0.341388
0.81	-0.360833
0.82	-0.377738
0.83	-0.391964
0.84	-0.403383
0.85	-0.411885
0.86	-0.417372
0.87	-0.419768
0.88	-0.419016
0.89	-0.415083
0.9	-0.407957
0.91	-0.397653
0.92	-0.384214
0.93	-0.367709
0.94	-0.348236
0.95	-0.325925
0.96	-0.300933
0.97	-0.273449
0.98	-0.243692
0.99	-0.211908
1	-0.178374
1.01	-0.14339
1.02	-0.107284
1.03	-0.0704029
1.04	-0.0331154
1.05	0.00419518
1.06	0.041133
1.07	0.0772943
1.08	0.112272
1.09	0.14566
1.1	0.177059
1.11	0.206082
1.12	0.23236
1.13	0.255546
1.14	0.275325
1.15	0.291414
1.16	0.303573
1.17	0.311604
1.18	0.315365
1.19	0.314763
1.2	0.309769
1.21	0.300412
1.22	0.286787
1.23	0.269054
1.24	0.247438
1.25	0.22223
1.26	0.193782
1.27	0.16251
1.28	0.12888
1.29	0.0934109
1.3	0.0566651
1.31	0.0192387
1.32	-0.0182457
1.33	-0.0551496
1.34	-0.0908295
1.35	-0.124648
1.36	-0.155988
1.37	-0.184261
1.38	-0.208924
1.39	-0.229488
1.4	-0.245532
1.41	-0.256714
1.42	-0.262778
1.43	-0.263567
1.44	-0.259026
1.45	-0.249206
1.46	-0.234274
1.47	-0.214503
1.48	-0.190278
1.49	-0.16209
1.5	-0.130524
1.51	-0.0962546
1.52	-0.0600315
1.53	-0.0226636
1.54	0.0149969
1.55	0.0520735
1.56	0.0876861
1.57	0.120972
1.58	0.151109
1.59	0.177334
1.6	0.19897
1.61	0.215441
1.62	0.226293
1.63	0.231209
1.64	0.230022
1.65	0.222725
1.66	0.209473
1.67	0.19059
1.68	0.166559
1.69	0.138015
1.7	0.105735
1.71	0.0706144
1.72	0.0336483
1.73	-0.0040966
1.74	-0.0415112
1.75	-0.0774767
1.76	-0.110898
1.77	-0.14074
1.78	-0.166059
1.79	-0.186038
1.8	-0.200013
1.81	-0.207503
1.82	-0.20823
1.83	-0.20213
1.84	-0.189366
1.85	-0.170327
1.86	-0.145621
1.87	-0.116059
1.88	-0.0826348
1.89	-0.0464926
1.9	-0.00889185
1.91	0.0288356
1.92	0.0653318
1.93	0.0992619
1.94	0.129365
1.95	0.154501
1.96	0.173701
1.97	0.186205
1.98	0.191498
1.99	0.189338
2	0.179772
2.01	0.163137
2.02	0.140063
2.03	0.111445
2.04	0.07842
2.05	0.0423237
2.06	0.00463853
2.07	-0.0330639
2.08	-0.069188
2.09	-0.102182
2.1	-0.130607
2.11	-0.153203
2.12	-0.168947
2.13	-0.177106
2.14	-0.17728
2.15	-0.169421
2.16	-0.15385
2.17	-0.131248
2.18	-0.102634
2.19	-0.0693221
2.2	-0.0328698
2.21	0.00499476
2.22	0.0424509
2.23	0.0776728
2.24	0.10892
2.25	0.134624
2.26	0.153475
2.27	0.16449
2.28	0.167074
2.29	0.161055
2.3	0.146708
2.31	0.124745
2.32	0.0962912
2.33	0.0628308
2.34	0.0261371
2.35	-0.0118185
2.36	-0.0489703
2.37	-0.0832701
2.38	-0.112802
2.39	-0.135892
2.4	-0.151211
2.41	-0.157853
2.42	-0.1554
2.43	-0.143957
2.44	-0.124153
2.45	-0.0971194
2.46	-0.0644289
2.47	-0.0280134
2.48	0.00994706
2.49	0.0471519
2.5	0.0813188
2.51	0.110325
2.52	0.132345
2.53	0.145968
2.54	0.1503
2.55	0.145027
2.56	0.13045
2.57	0.107477
2.58	0.0775736
2.59	0.0426794
2.6	0.00508778
2.61	-0.0327009
2.62	-0.0681443
2.63	-0.0988295
2.64	-0.122642
2.65	-0.137915
2.66	-0.143557
2.67	-0.139138
2.68	-0.12493
2.69	-0.101906
2.7	-0.0716779
2.71	-0.0363964
2.72	0.00139795
2.73	0.0389521
2.74	0.0735007
2.75	0.10247
2.76	0.123677
2.77	0.135498
2.78	0.137001
2.79	0.128037
2.8	0.109257
2.81	0.0820788
2.82	0.0485935
2.83	0.0114083
2.84	-0.0265488
2.85	-0.0622571
2.86	-0.0928445
2.87	-0.115823
2.88	-0.129296
2.89	-0.132129
2.9	-0.12405
2.91	-0.105694
2.92	-0.0785602
2.93	-0.0449029
2.94	-0.00755301
2.95	0.0303147
2.96	0.0654484
2.97	0.0948001
2.98	0.115795
2.99	0.126564
3	0.126123
3.01	0.114475
3.02	0.0926249
3.03	0.0625058
3.04	0.0268205
3.05	-0.0111943
3.06	-0.0480558
3.07	-0.0803539
3.08	-0.10507
3.09	-0.119866
3.1	-0.123316
3.11	-0.115056
3.12	-0.0958397
3.13	-0.0674766
3.14	-0.0326802
3.15	0.00518467
3.16	0.0424206
3.17	0.0753575
3.18	0.100717
3.19	0.115945
3.2	0.119483
3.21	0.110937
3.22	0.0911396
3.23	0.062081
3.24	0.0267233
3.25	-0.0112915
3.26	-0.0480114
3.27	-0.0795839
3.28	-0.102664
3.29	-0.114779
3.3	-0.114602
3.31	-0.102117
3.32	-0.0786362
3.33	-0.046679
3.34	-0.00971469
3.35	0.0282059
3.36	0.0628901
3.37	0.0904686
3.38	0.107833
3.39	0.113
3.4	0.105348
3.41	0.0857139
3.42	0.0563127
3.43	0.0205065
3.44	-0.0175714
3.45	-0.0534868
3.46	-0.0830213
3.47	-0.102673
3.48	-0.110084
3.49	-0.104334
3.5	-0.0860795
3.51	-0.0574875
3.52	-0.0220003
3.53	0.0160693
3.54	0.0520557
3.55	0.0815113
3.56	0.100762
3.57	0.107378
3.58	0.100495
3.59	0.0809447
3.6	0.051176
3.61	0.0149602
3.62	-0.0230724
3.63	-0.0580194
3.64	-0.085339
3.65	-0.101448
3.66	-0.104204
3.67	-0.0932085
3.68	-0.0698848
3.69	-0.0373096
3.7	0.00017526
3.71	0.0375318
3.72	0.0696995
3.73	0.0922844
3.74	0.10217
3.75	0.0979646
3.76	0.0802137
3.77	0.0513526
3.78	0.0153893
3.79	-0.0226387
3.8	-0.0573631
3.81	-0.0838436
3.82	-0.0982789
3.83	-0.0985677
3.84	-0.0846336
3.85	-0.0584627
3.86	-0.0238399
3.87	0.0141827
3.88	0.0500138
3.89	0.0783447
3.9	0.0949425
3.91	0.0972974
3.92	0.0850214
3.93	0.0599343
3.94	0.0258142
3.95	-0.0121543
3.96	-0.0481579
3.97	-0.0766436
3.98	-0.0931819
3.99	-0.0951708
4	-0.0822655
4.01	-0.0564604
4.02	-0.0218024
4.03	0.0162264
4.04	0.0515667
4.05	0.0785464
4.06	0.0928
4.07	0.0919912
4.08	0.0762176
4.09	0.0480241
4.1	0.0120141
4.11	-0.025886
4.12	-0.0593946
4.13	-0.0829177
4.14	-0.0924943
4.15	-0.0864825
4.16	-0.0658645
4.17	-0.0341104
4.18	0.00338453
4.19	0.0402034
4.2	0.0700015
4.21	0.0876057
4.22	0.0899283
4.23	0.0765309
4.24	0.0497317
4.25	0.0142286
4.26	-0.0237061
4.27	-0.0573251
4.28	-0.0806072
4.29	-0.0893479
4.3	-0.0819394
4.31	-0.0596914
4.32	-0.0266254
4.33	0.0112303
4.34	0.0469271
4.35	0.0738691
4.36	0.087041
4.37	0.0839602
4.38	0.0651705
4.39	0.0341731
4.4	-0.00320238
4.41	-0.0398779
4.42	-0.0688632
4.43	-0.0845946
4.44	-0.0840212
4.45	-0.0672215
4.46	-0.0374223
4.47	-0.000404365
4.48	0.0366022
4.49	0.0663231
4.5	0.0828767
4.51	0.0829549
4.52	0.0665105
4.53	0.0368011
4.54	-0.00022991
4.55	-0.0371247
4.56	-0.0664063
4.57	-0.0821007
4.58	-0.0809745
4.59	-0.0632272
4.6	-0.0324867
4.61	0.00490651
4.62	0.0411893
4.63	0.0687831
4.64	0.0818851
4.65	0.0777096
4.66	0.057108
4.67	0.0244261
4.68	-0.0133877
4.69	-0.0482434
4.7	-0.072639
4.71	-0.0812867
4.72	-0.0722829
4.73	-0.0475572
4.74	-0.0124892
4.75	0.0252382
4.76	0.0573103
4.77	0.0766155
4.78	0.0788392
4.79	0.0634554
4.8	0.0338824
4.81	-0.00324769
4.82	-0.0395559
4.83	-0.0668012
4.84	-0.0787602
4.85	-0.0726709
4.86	-0.0499018
4.87	-0.0156764
4.88	0.0220988
4.89	0.0546467
4.9	0.0743607
4.91	0.0765992
4.92	0.0608068
4.93	0.0306849
4.94	-0.00664492
4.95	-0.0423047
4.96	-0.067766
4.97	-0.0769011
4.98	-0.0674825
4.99	-0.0417593
5	-0.0059533
5.01	0.0312206
5.02	0.0606648
5.03	0.0751314
5.04	0.0710282
5.05	0.0493426
5.06	0.0154391
5.07	-0.0222388
5.08	-0.0542566
5.09	-0.0725522
5.1	-0.0724856
5.11	-0.0540458
5.12	-0.0218973
5.13	0.0157694
5.14	0.0493052
5.15	0.070073
5.16	0.0726888
5.17	0.0564478
5.18	0.0255503
5.19	-0.0119517
5.2	-0.0462316
5.21	-0.0682601
5.22	-0.0721987
5.23	-0.0569769
5.24	-0.0266204
5.25	0.0107796
5.26	0.045201
5.27	0.0673726
5.28	0.071286
5.29	0.0558547
5.3	0.0252533
5.31	-0.0121773
5.32	-0.0461812
5.33	-0.067394
5.34	-0.0699384
5.35	-0.0530842
5.36	-0.0214961
5.37	0.0160226
5.38	0.0489623
5.39	0.06805
5.4	0.0678782
5.41	0.0484709
5.42	0.0153233
5.43	-0.0221209
5.44	-0.0531409
5.45	-0.068811
5.46	-0.0645912
5.47	-0.0416787
5.48	-0.00670852
5.49	0.0301363
5.5	0.0580753
5.51	0.0688926
5.52	0.0593794
5.53	0.0323255
5.54	-0.0042599
5.55	-0.0394907
5.56	-0.0628346
5.57	-0.0672759
5.58	-0.051456
5.59	-0.0201305
5.6	0.0172233
5.61	0.0492503
5.62	0.0661695
5.63	0.0627822
5.64	0.0401071
5.65	0.00511628
5.66	-0.0313753
5.67	-0.0580375
5.68	-0.0665522
5.69	-0.0542381
5.7	-0.0249366
5.71	0.0121456
5.72	0.0453033
5.73	0.0640231
5.74	0.062337
5.75	0.0407625
5.76	0.00618773
5.77	-0.0302925
5.78	-0.0569209
5.79	-0.0650752
5.8	-0.0520916
5.81	-0.0221775
5.82	0.0149102
5.83	0.0470216
5.84	0.0635912
5.85	0.0591373
5.86	0.0351153
5.87	-0.000512963
5.88	-0.0358843
5.89	-0.0591715
5.9	-0.062552
5.91	-0.0448709
5.92	-0.0120806
5.93	0.0247228
5.94	0.0530335
5.95	0.0631904
5.96	0.051704
5.97	0.0224992
5.98	-0.0143816
5.99	-0.0462038
6	-0.0619346
6.01	-0.056092
6.02	-0.0306977
6.03	0.00537653
6.04	0.0394742
6.05	0.0595849
6.06	0.0585931
6.07	0.0368353
6.08	0.00203361
6.09	-0.0334069
6.1	-0.0568044
6.11	-0.0597516
6.12	-0.0411736
6.13	-0.00776767
6.14	0.0283694
6.15	0.054102
6.16	0.0600396
6.17	0.0439979
6.18	0.0118505
6.19	-0.024578
6.2	-0.0518379
6.21	-0.0598263
6.22	-0.0455642
6.23	-0.0143552
6.24	0.0221412
6.25	0.0502401
6.26	0.0593662
6.27	0.0460659
6.28	0.0153627
6.29	-0.0210942
6.3	-0.0494228
6.31	-0.0587972
6.32	-0.0456165
6.33	-0.014937
6.34	0.0214212
6.35	0.0494003
6.36	0.0581446
6.37	0.0442444
6.38	0.013115
6.39	-0.0230654
6.4	-0.0500947
6.41	-0.0573261
6.42	-0.0418967
6.43	-0.00991134
6.44	0.0259266
6.45	0.0513362
6.46	0.0561579
6.47	0.0384529
6.48	0.00533401
6.49	-0.0298464
6.5	-0.0528589
6.51	-0.0543649
6.52	-0.0337468
6.53	0.000586264
6.54	0.0345852
6.55	0.054294
6.56	0.0515961
6.57	0.0276018
6.58	-0.00775605
6.59	-0.0397944
6.6	-0.0551681
6.61	-0.047453
6.62	-0.0198791
6.63	0.0159698
6.64	0.0449883
6.65	0.0549126
6.66	0.0415357
6.67	0.0105423
6.68	-0.0248565
6.69	-0.0495282
6.7	-0.0528957
6.71	-0.0335113
6.72	0.000266214
6.73	0.0338309
6.74	0.052628
6.75	0.0484842
6.76	0.0232085
6.77	-0.0121431
6.78	-0.0420651
6.79	-0.0533982
6.8	-0.0411463
6.81	-0.0107319
6.82	0.024352
6.83	0.0484999
6.84	0.050943
6.85	0.0305932
6.86	-0.00341724
6.87	-0.0357878
6.88	-0.0519188
6.89	-0.0445187
6.9	-0.0169503
6.91	0.0182426
6.92	0.0450077
6.93	0.0511077
6.94	0.0337523
6.95	0.000930276
6.96	-0.0322184
6.97	-0.0503668
6.98	-0.0451068
6.99	-0.0188932
7	0.0160448
7.01	0.0433722
7.02	0.0502836
7.03	0.0335405
7.04	0.00104486
7.05	-0.03184
7.06	-0.0495326
7.07	-0.0436353
7.08	-0.0169706
7.09	0.0177132
7.1	0.0437999
7.11	0.0487671
7.12	0.0302362
7.13	-0.00283134
7.14	-0.0344183
7.15	-0.0491941
7.16	-0.0399792
7.17	-0.011287
7.18	0.0228306
7.19	0.0456331
7.2	0.0459134
7.21	0.0235507
7.22	-0.01038
7.23	-0.0390481
7.24	-0.0482083
7.25	-0.0333117
7.26	-0.00182244
7.27	0.0304698
7.28	0.0473445
7.29	0.0403176
7.3	0.0129593
7.31	-0.0208621
7.32	-0.0439749
7.33	-0.0446287
7.34	-0.0225126
7.35	0.0110385
7.36	0.0388075
7.37	0.046524
7.38	0.0302321
7.39	-0.00162281
7.4	-0.0325197
7.41	-0.0464112
7.42	-0.036083
7.43	-0.00695557
7.44	0.0257034
7.45	0.0447523
7.46	0.0401867
7.47	0.0144442
7.48	-0.0188375
7.49	-0.0420067
7.5	-0.0427644
7.51	-0.0207365
7.52	0.0122812
7.53	0.0385947
7.54	0.0440889
7.55	0.0258366
7.56	-0.00628177
7.57	-0.0348758
7.58	-0.0444479
7.59	-0.029824
7.6	0.000991222
7.61	0.0311409
7.62	0.044117
7.63	0.0328235
7.64	0.00351404
7.65	-0.0276138
7.66	-0.0433432
7.67	-0.03498
7.68	-0.00721252
7.69	0.0244571
7.7	0.042336
7.71	0.0364396
7.72	0.010119
7.73	-0.0217822
7.74	-0.0412639
7.75	-0.0373363
7.76	-0.0122687
7.77	0.0196595
7.78	0.0402547
7.79	0.0377834
7.8	0.0137049
7.81	-0.0181278
7.82	-0.0393977
7.83	-0.0378683
7.84	-0.01447
7.85	0.0172022
7.86	0.0387467
7.87	0.0376496
7.88	0.0145995
7.89	-0.0168802
7.9	-0.0383235
7.91	-0.0371572
7.92	-0.0141189
7.93	0.0171447
7.94	0.0381197
7.95	0.0363925
7.96	0.0130433
7.97	-0.0179658
7.98	-0.0380985
7.99	-0.0353306
8	-0.0113791
8.01	0.0192994
8.02	0.0381958
8.03	0.033923
8.04	0.00912814
8.05	-0.0210851
8.06	-0.0383205
8.07	-0.032102
8.08	-0.00629335
8.09	0.023241
8.1	0.0383552
8.11	0.0297865
8.12	0.00288706
8.13	-0.0256596
8.14	-0.0381576
8.15	-0.0268901
8.16	0.00105932
8.17	0.0282016
8.18	0.0375641
8.19	0.0233311
8.2	-0.00548404
8.21	-0.0306924
8.22	-0.0363956
8.23	-0.0190468
8.24	0.0102832
8.25	0.0329198
8.26	0.0344685
8.27	0.0140088
8.28	-0.0152993
8.29	-0.034636
8.3	-0.0316089
8.31	-0.00824235
8.32	0.0203126
8.33	0.035566
8.34	0.0276742
8.35	0.00184551
8.36	-0.0250367
8.37	-0.0354232
8.38	-0.0225788
8.39	0.00499234
8.4	0.029122
8.41	0.033934
8.42	0.0163243
8.43	-0.0119769
8.44	-0.0321704
8.45	-0.0308729
8.46	-0.00903051
8.47	0.0187043
8.48	0.0337635
8.49	0.0261057
8.5	0.000963702
8.51	-0.0246712
8.52	-0.0335063
8.53	-0.0196379
8.54	0.00744605
8.55	0.0293039
8.56	0.0310864
8.57	0.0116627
8.58	-0.0156051
8.59	-0.0320116
8.6	-0.0263449
8.61	-0.00259822
8.62	0.0227835
8.63	0.0322632
8.64	0.0193505
8.65	-0.00689739
8.66	-0.0281757
8.67	-0.0296856
8.68	-0.0104643
8.69	0.0159463
8.7	0.0309987
8.71	0.0241724
8.72	0.0003772
8.73	-0.0235192
8.74	-0.0306231
8.75	-0.0159838
8.76	0.00989915
8.77	0.028557
8.78	0.0267248
8.79	0.00581467
8.8	-0.0191077
8.81	-0.0301433
8.82	-0.0194307
8.83	0.00520021
8.84	0.0258969
8.85	0.0277091
8.86	0.00942381
8.87	-0.01557
8.88	-0.0290445
8.89	-0.0212349
8.9	0.00203465
8.91	0.0236372
8.92	0.0277289
8.93	0.0113992
8.94	-0.0132038
8.95	-0.0278668
8.96	-0.021798
8.97	0.000383439
8.98	0.0221051
8.99	0.0271999
9	0.0119658
9.01	-0.0120896
9.02	-0.0268973
9.03	-0.0214004
9.04	0.000143881
9.05	0.0214035
9.06	0.0263291
9.07	0.0112958
9.08	-0.0121751
9.09	-0.0262025
9.1	-0.0201704
9.11	0.00119256
9.12	0.0214631
9.13	0.025128
9.14	0.00948422
9.15	-0.0133152
9.16	-0.0256617
9.17	-0.0180965
9.18	0.00339598
9.19	0.0220683
9.2	0.0234432
9.21	0.00657034
9.22	-0.0152727
9.23	-0.0249928
9.24	-0.0150692
9.25	0.0065786
9.26	0.0228612
9.27	0.0210012
9.28	0.00259654
9.29	-0.0176893
9.3	-0.0237818
9.31	-0.0109529
9.32	0.0104603
9.33	0.0233414
9.34	0.0174769
9.35	-0.00230254
9.36	-0.0200478
9.37	-0.0215335
9.38	-0.00569107
9.39	0.0145814
9.4	0.0228859
9.41	0.0126011
9.42	-0.00779163
9.43	-0.0216561
9.44	-0.0177681
9.45	0.000559854
9.46	0.0182452
9.47	0.0208262
9.48	0.00631261
9.49	-0.0132352
9.5	-0.0216929
9.51	-0.012183
9.52	0.00728811
9.53	0.0205252
9.54	0.0166093
9.55	-0.00105849
9.56	-0.0176573
9.57	-0.0193594
9.58	-0.00487514
9.59	0.0135314
9.6	0.0203946
9.61	0.0100544
9.62	-0.00863206
9.63	-0.0198354
9.64	-0.0141623
9.65	0.00343043
9.66	0.0179178
9.67	0.0170248
9.68	0.00165679
9.69	-0.0149484
9.7	-0.0185977
9.71	-0.00629377
9.72	0.0112623
9.73	0.0189431
9.74	0.0102378
9.75	-0.00718866
9.76	-0.0182023
9.77	-0.01334
9.78	0.00302458
9.79	0.0165669
9.8	0.0155368
9.81	0.000981495
9.82	-0.0142532
9.83	-0.0168368
9.84	-0.0046383
9.85	0.0114801
9.86	0.0173041
9.87	0.00781322
9.88	-0.00845295
9.89	-0.0170411
9.9	-0.0104287
9.91	0.00535155
9.92	0.016173
9.93	0.012455
9.94	-0.0023241
9.95	-0.014834
9.96	-0.0139015
9.97	-0.000515408
9.98	0.0131566
9.99	0.0148069
10	0.00308649
10.01	-0.0112639
10.02	-0.01523
10.03	-0.00533922
10.04	0.00926415
10.05	0.0152415
10.06	0.00724996
10.07	-0.00724796
10.08	-0.0149172
10.09	-0.00881645
10.1	0.00528764
10.11	0.0143325
10.12	0.0100527
10.13	-0.00343764
10.14	-0.0135583
10.15	-0.0109844
10.16	0.00173607
10.17	0.0126588
10.18	0.0116446
10.19	-0.000206902
10.2	-0.0116899
10.21	-0.0120701
10.22	-0.00113769
10.23	0.0106981
10.24	0.012299
10.25	0.0022948
10.26	-0.00972133
10.27	-0.0123683
10.28	-0.00326853
10.29	0.00878904
10.3	0.0123123
10.31	0.00406788
10.32	-0.00792319
10.33	-0.012162
10.34	-0.00470498
10.35	0.00713924
10.36	0.0119443
10.37	0.0051936
10.38	-0.00644715
10.39	-0.0116819
10.4	-0.00554803
10.41	0.00585246
10.42	0.011393
10.43	0.00578218
10.44	-0.00535714
10.45	-0.011092
10.46	-0.00590901
10.47	0.00496041
10.48	0.0107893
10.49	0.00594008
10.5	-0.00465937
10.51	-0.0104922
10.52	-0.00588539
10.53	0.00444957
10.54	0.0102044
10.55	0.00575325
10.56	-0.00432534
10.57	-0.00992734
10.58	-0.00555039
10.59	0.00428006
10.6	0.00965978
10.61	0.00528209
10.62	-0.00430634
10.63	-0.0093985
10.64	-0.00495235
10.65	0.00439605
10.66	0.0091385
10.67	0.00456428
10.68	-0.00454034
10.69	-0.00887329
10.7	-0.00412031
10.71	0.00472955
10.72	0.00859518
10.73	0.00362267
10.74	-0.00495314
10.75	-0.0082956
10.76	-0.00307375
10.77	0.00519961
10.78	0.00796546
10.79	0.00247654
10.8	-0.00545639
10.81	-0.00759547
10.82	-0.00183509
10.83	0.00570984
10.84	0.00717662
10.85	0.00115495
10.86	-0.00594527
10.87	-0.00670066
10.88	-0.000443551
10.89	0.00614706
10.9	0.00616069
10.91	-0.000289355
10.92	-0.00629898
10.93	-0.00555173
10.94	0.00103147
10.95	0.0063845
10.96	0.00487142
10.97	-0.00176776
10.98	-0.00638745
10.99	-0.00412071
11	0.00248044
11.01	0.00629266
11.02	0.00330448
11.03	-0.00314921
11.04	-0.00608695
11.05	-0.00243218
11.06	0.0037517
11.07	0.0057601
11.08	0.00151818
11.09	-0.0042642
11.1	-0.00530602
11.11	-0.000582084
11.12	0.00466271
11.13	0.00472392
11.14	-0.000351451
11.15	-0.00492434
11.16	-0.00401943
11.17	0.00125316
11.18	0.00502891
11.19	0.00320553
11.2	-0.00209013
11.21	-0.00496083
11.22	-0.00230314
11.23	0.00282727
11.24	0.00471108
11.25	0.00134133
11.26	-0.00342929
11.27	-0.00427908
11.28	-0.000356829
11.29	0.00386318
11.3	0.00367442
11.31	-0.000607182
11.32	-0.00410106
11.33	-0.00291805
11.34	0.00150307
11.35	0.00412325
11.36	0.00204273
11.37	-0.00228161
11.38	-0.00392119
11.39	-0.00109254
11.4	0.00289563
11.41	0.00350012
11.42	0.000121264
11.43	-0.00330417
11.44	-0.00288084
11.45	0.000810542
11.46	0.00347696
11.47	0.00210041
11.48	-0.00163974
11.49	-0.00339864
11.5	-0.0012113
11.51	0.00230587
11.52	0.00307236
11.53	0.000278781
11.54	-0.00275709
11.55	-0.00252194
11.56	0.000623551
11.57	0.00295628
11.58	0.0017923
11.59	-0.00141995
11.6	-0.00288664
11.61	-0.000947431
11.62	0.00204002
11.63	0.00255573
11.64	6.59565e-05
11.65	-0.00242679
11.66	-0.00199742
11.67	0.000765935
11.68	0.00254445
11.69	0.00127077
11.7	-0.00146348
11.71	-0.00238456
11.72	-0.000455618
11.73	0.00195349
11.74	0.00196962
11.75	-0.000355232
11.76	-0.00218441
11.77	-0.00135294
11.78	0.00106664
11.79	0.00213466
11.8	0.000614189
11.81	-0.00159343
11.82	-0.00181783
11.83	0.00014936
11.84	0.00187281
11.85	0.00128329
11.86	-0.000835282
11.87	-0.00187472
11.88	-0.00061143
11.89	0.00135062
11.9	0.0016084
11.91	-9.65662e-05
11.92	-0.00162652
11.93	-0.0011231
11.94	0.000733283
11.95	0.00163041
11.96	0.000502306
11.97	-0.00120215
11.98	-0.00137299
11.99	0.000148501
12	0.00143413
12.01	0.000908346
12.02	-0.000719103
12.03	-0.00140084
12.04	-0.000326052
12.05	0.00111403
12.06	0.00112108
12.07	-0.000264026
12.08	-0.00127069
12.09	-0.000658818
12.1	0.000751944
12.11	0.00117229
12.12	0.00011188
12.13	-0.00104926
12.14	-0.00085222
12.15	0.000406904
12.16	0.00110745
12.17	0.000388153
12.18	-0.000792928
12.19	-0.000928748
12.2	0.000113836
12.21	0.000972413
12.22	0.00056628
12.23	-0.000542291
12.24	-0.000919104
12.25	-0.000112518
12.26	0.000805681
12.27	0.000660559
12.28	-0.000322045
12.29	-0.000853952
12.3	-0.000271682
12.31	0.000635406
12.32	0.000690616
12.33	-0.000143746
12.34	-0.00075928
12.35	-0.000371611
12.36	0.00047949
12.37	0.000676297
12.38	-9.59487e-06
12.39	-0.000654587
12.4	-0.00042402
12.41	0.000347334
12.42	0.000634776
12.43	8.39313e-05
12.44	-0.000552919
12.45	-0.000441188
12.46	0.000242156
12.47	0.000579364
12.48	0.000143179
12.49	-0.00046187
12.5	-0.000434098
12.51	0.000163195
12.52	0.00051943
12.53	0.000175306
12.54	-0.000384937
12.55	-0.000411608
12.56	0.000107494
12.57	0.000460913
12.58	0.000187068
12.59	-0.000322821
12.6	-0.000380293
12.61	7.11607e-05
12.62	0.000407071
12.63	0.000184221
12.64	-0.00027451
12.65	-0.000344665
12.66	5.01748e-05
12.67	0.000359237
12.68	0.000171337
12.69	-0.000238075
12.7	-0.000307572
12.71	4.08196e-05
12.72	0.00031747
12.73	0.000151868
12.74	-0.00021121
12.75	-0.000270623
12.76	3.98674e-05
12.77	0.000281068
12.78	0.000128336
12.79	-0.000191562
12.8	-0.000234588
12.81	4.46059e-05
12.82	0.000248947
12.83	0.000102562
12.84	-0.000176914
12.85	-0.000199726
12.86	5.27833e-05
12.87	0.000219899
12.88	7.58918e-05
12.89	-0.000165278
12.9	-0.000166051
12.91	6.25241e-05
12.92	0.000192777
12.93	4.93826e-05
12.94	-0.000154938
12.95	-0.000133527
12.96	7.22479e-05
12.97	0.000166622
12.98	2.39514e-05
12.99	-0.00014448
13	-0.000102205
13.01	8.06139e-05
13.02	0.00014075
13.03	4.6711e-07
13.04	-0.000132813
13.05	-7.23184e-05
13.06	8.64995e-05
13.07	0.000114811
13.08	-2.02079e-05
13.09	-0.000119199
13.1	-4.43189e-05
13.11	8.90152e-05
13.12	8.88291e-05
13.13	-3.72282e-05
13.14	-0.000103299
13.15	-1.88716e-05
13.16	8.75522e-05
13.17	6.32041e-05
13.18	-4.98225e-05
13.19	-8.5196e-05
13.2	3.2014e-06
13.21	8.18488e-05
13.22	3.86808e-05
13.23	-5.73901e-05
13.24	-6.54103e-05
13.25	2.10252e-05
13.26	7.20588e-05
13.27	1.62672e-05
13.28	-5.96191e-05
13.29	-4.48731e-05
13.3	3.38166e-05
13.31	5.87966e-05
13.32	-2.89906e-06
13.33	-5.66042e-05
13.34	-2.48415e-05
13.35	4.10521e-05
13.36	4.31334e-05
13.37	-1.77315e-05
13.38	-4.8933e-05
13.39	-6.75113e-06
13.4	4.26328e-05
13.41	2.65224e-05
13.42	-2.74038e-05
13.43	-3.7709e-05
13.44	7.99232e-06
13.45	3.90077e-05
13.46	1.06398e-05
13.47	-3.15549e-05
13.48	-2.44824e-05
13.49	1.82588e-05
13.5	3.1217e-05
13.51	-2.85066e-06
13.52	-3.04425e-05
13.53	-1.10763e-05
13.54	2.34341e-05
13.55	2.08213e-05
13.56	-1.25799e-05
13.57	-2.49982e-05
13.58	6.81593e-07
13.59	2.35974e-05
13.6	9.70315e-06
13.61	-1.77467e-05
13.62	-1.67435e-05
13.63	9.27937e-06
13.64	1.95775e-05
13.65	-2.40138e-07
13.66	-1.83113e-05
13.67	-7.55802e-06
13.68	1.38237e-05
13.69	1.28457e-05
13.7	-7.45589e-06
13.71	-1.50423e-05
13.72	6.71712e-07
13.73	1.42397e-05
13.74	5.24027e-06
13.75	-1.10609e-05
13.76	-9.37246e-06
13.77	6.44762e-06
13.78	1.12926e-05
13.79	-1.42991e-06
13.8	-1.10319e-05
13.81	-3.07334e-06
13.82	8.99231e-06
13.83	6.39441e-06
13.84	-5.80579e-06
13.85	-8.1839e-06
13.86	2.18235e-06
13.87	8.40883e-06
13.88	1.22464e-06
13.89	-7.29691e-06
13.9	-3.91565e-06
13.91	5.2483e-06
13.92	5.59644e-06
13.93	-2.73703e-06
13.94	-6.1848e-06
13.95	2.2096e-07
13.96	5.78155e-06
13.97	1.92677e-06
13.98	-4.61833e-06
13.99	-3.45825e-06
14	2.99588e-06
14.01	4.26317e-06
14.02	-1.22483e-06
14.03	-4.35734e-06
14.04	-4.22268e-07
14.05	3.85457e-06
14.06	1.74282e-06
14.07	-2.93013e-06
14.08	-2.61877e-06
14.09	1.78306e-06
14.1	3.01561e-06
14.11	-6.03478e-07
14.12	-2.96976e-06
14.13	-4.51724e-07
14.14	2.56858e-06
14.15	1.27302e-06
14.16	-1.92794e-06
14.17	-1.80275e-06
14.18	1.1708e-06
14.19	2.03152e-06
14.2	-4.09818e-07
14.21	-1.98904e-06
14.22	-2.64826e-07
14.23	1.73186e-06
14.24	7.9181e-07
14.25	-1.33051e-06
14.26	-1.13991e-06
14.27	8.57763e-07
14.28	1.30514e-06
14.29	-3.79461e-07
14.3	-1.30518e-06
14.31	-5.17601e-08
14.32	1.17247e-06
14.33	3.99602e-07
14.34	-9.47163e-07
14.35	-6.44564e-07
14.36	6.70825e-07
14.37	7.82322e-07
14.38	-3.81497e-07
14.39	-8.20731e-07
14.4	1.1034e-07
14.41	7.76182e-07
14.42	1.20123e-07
14.43	-6.69873e-07
14.44	-2.96388e-07
14.45	5.24476e-07
14.46	4.1326e-07
14.47	-3.61452e-07
14.48	-4.72437e-07
14.49	1.99168e-07
14.5	4.80708e-07
14.51	-5.17999e-08
14.52	-4.4807e-07
14.53	-7.10506e-08
14.54	3.85997e-07
14.55	1.64184e-07
14.56	-3.05983e-07
14.57	-2.26231e-07
14.58	2.18465e-07
14.59	2.58846e-07
14.6	-1.3212e-07
14.61	-2.65823e-07
14.62	5.35076e-08
14.63	2.52223e-07
14.64	1.29906e-08
14.65	-2.23619e-07
14.66	-6.50135e-08
14.67	1.8548e-07
14.68	1.0192e-07
14.69	-1.42737e-07
14.7	-1.24413e-07
14.71	9.94999e-08
14.72	1.34139e-07
14.73	-5.89273e-08
14.74	-1.33318e-07
14.75	2.32144e-08
14.76	1.24415e-07
14.77	6.33722e-09
14.78	-1.09886e-07
14.79	-2.91909e-08
14.8	9.19851e-08
14.81	4.54187e-08
14.82	-7.2649e-08
14.83	-5.55375e-08
14.84	5.34317e-08
14.85	6.03544e-08
14.86	-3.54904e-08
14.87	-6.08309e-08
14.88	1.96065e-08
14.89	5.79733e-08
14.9	-6.22872e-09
14.91	-5.27489e-08
14.92	-4.4695e-09
14.93	4.60294e-08
14.94	1.25285e-08
14.95	-3.85566e-08
14.96	-1.81423e-08
14.97	3.09273e-08
14.98	2.16035e-08
14.99	-2.35929e-08
15	-2.3258e-08
